kinematics:
  shoulder:
    x: 0
    y: 0
    z: 0.18057952545403752
    roll: -0
    pitch: 0
    yaw: -7.1848844646407728e-08
  upper_arm:
    x: 0.00012902571561339813
    y: 0
    z: 0
    roll: 1.5703781856837313
    pitch: 0
    yaw: 3.5901784014781275e-06
  forearm:
    x: -0.61241624781461734
    y: 0
    z: 0
    roll: 0.00053073437296194902
    pitch: 0.0010392212443695848
    yaw: 2.2882939841036696e-06
  wrist_1:
    x: -0.57136626311140493
    y: 0.00133426356242099
    z: 0.17395386049231834
    roll: 3.1339225887020099
    pitch: -3.1409159388252736
    yaw: 3.1415891088152144
  wrist_2:
    x: -4.4275630650522946e-05
    y: -0.11972425772872207
    z: 8.95789330674409e-05
    roll: 1.5700481165486955
    pitch: 0
    yaw: 3.5861984844925976e-07
  wrist_3:
    x: -3.6631826369519894e-05
    y: 0.1156165340580553
    z: 4.0350120830739279e-05
    roll: 1.5711453263521074
    pitch: 3.1415926535897931
    yaw: -3.1415925787381354
  hash: calib_6662396927422910612